1.000000000000014261e+05 1.029998997908825054e+01 -5.873872429174894494e-01
7.943282347242918331e+04 1.035262658757107168e+01 -6.900330370738161356e-01
6.309573444802020094e+04 1.041455012455510598e+01 -8.105895496302285563e-01
5.011872336272796383e+04 1.048742353092099577e+01 -9.521691371624980693e-01
3.981071705535026558e+04 1.057321904799699119e+01 -1.118418685633683296e+00
3.162277660168418151e+04 1.067428108980023893e+01 -1.313608272827921475e+00
2.511886431509612885e+04 1.079340425803992431e+01 -1.542732920004603603e+00
1.995262314968907231e+04 1.093393108308875128e+01 -1.811628473533631656e+00
1.584893192461133549e+04 1.109987575576761465e+01 -2.127102164635966020e+00
1.258925411794181673e+04 1.129608246881982581e+01 -2.497077429168701013e+00
1.000000000000012187e+04 1.152843027101124740e+01 -2.930750808481431768e+00
7.943282347242919059e+03 1.180410088019249670e+01 -3.438755663393483708e+00
6.309573444802007543e+03 1.213193208950527691e+01 -4.033322128412964780e+00
5.011872336272776010e+03 1.252288759871095003e+01 -4.728413734216779574e+00
3.981071705535018282e+03 1.299068443810190310e+01 -5.539805983507947396e+00
3.162277660168418151e+03 1.355263097500353808e+01 -6.485046870919989104e+00
2.511886431509607974e+03 1.423073913625749576e+01 -7.583197509636772082e+00
1.995262314968899091e+03 1.505317658541186887e+01 -8.854183036916001726e+00
1.584893192461130411e+03 1.605610063187394942e+01 -1.031747685838357320e+01
1.258925411794181628e+03 1.728582754653430698e+01 -1.198968224342653954e+01
1.000000000000010232e+03 1.880106298523609354e+01 -1.388036624764900040e+01
7.943282347242886772e+02 2.067441817707172191e+01 -1.598530197073652204e+01
6.309573444801994810e+02 2.299147854224510112e+01 -1.827630807851957684e+01
5.011872336272776352e+02 2.584417822739114712e+01 -2.068771048316747141e+01
3.981071705535010210e+02 2.931365633544931271e+01 -2.310216580247061557e+01
3.162277660168405191e+02 3.343830009878013954e+01 -2.534425074715557002e+01
2.511886431509602744e+02 3.816996861022285259e+01 -2.719728143661494357e+01
1.995262314968899204e+02 4.333887477292869761e+01 -2.845827685059826706e+01
1.584893192461127001e+02 4.866477964377466492e+01 -2.902323380590181046e+01
1.258925411794176483e+02 5.383826153871895315e+01 -2.895433055830127245e+01
1.000000000000008242e+02 5.863872196457923280e+01 -2.846946813062561432e+01
7.943282347242877961e+01 6.301242136612516020e+01 -2.784957447721703616e+01
6.309573444801981879e+01 6.706636779909058532e+01 -2.732539868134987415e+01
5.011872336272760720e+01 7.100152030819390347e+01 -2.700465263589332920e+01
3.981071705535001826e+01 7.503164046836349144e+01 -2.685189591654095409e+01
3.162277660168401994e+01 7.931117330555511558e+01 -2.670515980034781478e+01
2.511886431509597628e+01 8.387549809642163723e+01 -2.632065618050659950e+01
1.995262314968893236e+01 8.860400516776186919e+01 -2.544949237499353245e+01
1.584893192461123945e+01 9.323486427646284369e+01 -2.393721857837458344e+01
1.258925411794175275e+01 9.745050216489576655e+01 -2.180026643606801429e+01
1.000000000000006217e+01 1.009988535703949708e+02 -1.922270777665106678e+01
7.943282347242861974e+00 1.037740602420404628e+02 -1.647133288939708962e+01
6.309573444801968911e+00 1.058143520036594225e+02 -1.379262781756947120e+01
5.011872336272750417e+00 1.072441416250506165e+02 -1.135303661114344820e+01
3.981071705534993566e+00 1.082118024155932972e+02 -9.232417711987542575e+00
3.162277660168395510e+00 1.088510633089327229e+02 -7.446358692010109692e+00
2.511886431509592565e+00 1.092665753213931907e+02 -5.973182165672664468e+00
1.995262314968889061e+00 1.095337879356401203e+02 -4.774494474665608834e+00
1.584893192461120703e+00 1.097044474457193246e+02 -3.807657424855339201e+00
1.258925411794172611e+00 1.098129598771350288e+02 -3.032180547138462856e+00
1.000000000000003997e+00 1.098817619104145393e+02 -2.412400874030618425e+00
7.943282347242845987e-01 1.099253074335939289e+02 -1.918176132210889451e+00
6.309573444801955810e-01 1.099528365202965432e+02 -1.524634765528672498e+00
5.011872336272740203e-01 1.099702276420570968e+02 -1.211548884317654950e+00
3.981071705534985350e-01 1.099812092486084225e+02 -9.626124886857740925e-01
3.162277660168388849e-01 1.099881415815260652e+02 -7.647531344340530168e-01
2.511886431509587347e-01 1.099925169453879619e+02 -6.075266010566122699e-01
1.995262314968885009e-01 1.099952781540051916e+02 -4.826064089530529566e-01
1.584893192461117317e-01 1.099970205741568634e+02 -3.833633737567555544e-01
1.258925411794170057e-01 1.099981200526734710e+02 -3.045241093793729648e-01
1.000000000000001998e-01 1.099988138108498248e+02 -2.418959863683801670e-01
7.943282347242829056e-02 1.099992515562553024e+02 -1.921467605857925531e-01
6.309573444801942765e-02 1.099995277603439092e+02 -1.526285738513325774e-01
5.011872336272730349e-02 1.099997020354960000e+02 -1.212376751553836951e-01
3.981071705534977578e-02 1.099998119965406573e+02 -9.630275383122692545e-02
3.162277660168382604e-02 1.099998813776107340e+02 -7.649611941325003273e-02
2.511886431509582213e-02 1.099999251542423906e+02 -6.076308912467486001e-02
1.995262314968880915e-02 1.099999527754837345e+02 -4.826586820797269112e-02
1.584893192461114125e-02 1.099999702033303919e+02 -3.833895737135197684e-02
1.258925411794167490e-02 1.099999811995668040e+02 -3.045372408847967297e-02
1.000000000000000021e-02 1.099999881377263193e+02 -2.419025678445767616e-02
