1.000000000000014261e+05 1.030306334085442188e+01 -5.825752126475164383e-01
7.943282347242918331e+04 1.035679837202026654e+01 -6.834167751066274610e-01
6.309573444802020094e+04 1.042020215621820611e+01 -8.014952289475454350e-01
5.011872336272796383e+04 1.049506432061681593e+01 -9.396726230940419811e-01
3.981071705535026558e+04 1.058352231141298283e+01 -1.101253283081769618e+00
3.162277660168418151e+04 1.068813382703861414e+01 -1.290038908350473079e+00
2.511886431509612885e+04 1.081196533413673144e+01 -1.510384838122029505e+00
1.995262314968907231e+04 1.095870018020959691e+01 -1.767254511095523561e+00
1.584893192461133549e+04 1.113277034902318441e+01 -2.066267477025058863e+00
1.258925411794181673e+04 1.133951630405879740e+01 -2.413733991661195510e+00
1.000000000000012187e+04 1.158537942332274540e+01 -2.816666050513841668e+00
7.943282347242919059e+03 1.187813089078469098e+01 -3.282750495822555070e+00
6.309573444802007543e+03 1.222713900224618655e+01 -3.820264416174341537e+00
5.011872336272776010e+03 1.264367278834941644e+01 -4.437906456127143073e+00
3.981071705535018282e+03 1.314123239136483079e+01 -5.144510229003667057e+00
3.162277660168418151e+03 1.373588408717392007e+01 -5.948598847449249050e+00
2.511886431509607974e+03 1.444655830497795002e+01 -6.857734951636593301e+00
1.995262314968899091e+03 1.529524085549379464e+01 -7.877622750720822964e+00
1.584893192461130411e+03 1.630695080416719023e+01 -9.010934344091490189e+00
1.258925411794181628e+03 1.750935693979612751e+01 -1.025587156323278215e+01
1.000000000000010232e+03 1.893185004477656008e+01 -1.160454760462621593e+01
7.943282347242886772e+02 2.060388309040022392e+01 -1.304138682578029140e+01
6.309573444801994810e+02 2.255245170246933739e+01 -1.454188910379376409e+01
5.011872336272776352e+02 2.479875361142180878e+01 -1.607225070847074022e+01
3.981071705535010210e+02 2.735436046587939884e+01 -1.759039857769270299e+01
3.162277660168405191e+02 3.021762017691173696e+01 -1.904886724936072540e+01
2.511886431509602744e+02 3.337134399046315281e+01 -2.039953274933072436e+01
1.995262314968899204e+02 3.678288842131264857e+01 -2.159953446068001881e+01
1.584893192461127001e+02 4.040730151689000849e+01 -2.261698568045571989e+01
1.258925411794176483e+02 4.419325316842000007e+01 -2.343469244938663820e+01
1.000000000000008242e+02 4.809033501621176754e+01 -2.405042794686052687e+01
7.943282347242877961e+01 5.205555828465571722e+01 -2.447337697337247420e+01
6.309573444801981879e+01 5.605695568921693450e+01 -2.471775813715385439e+01
5.011872336272760720e+01 6.007313912269758305e+01 -2.479571170128002677e+01
3.981071705535001826e+01 6.408906874530681819e+01 -2.471183696651011275e+01
3.162277660168401994e+01 6.808957989891391094e+01 -2.446120056066121862e+01
2.511886431509597628e+01 7.205295389854795474e+01 -2.403147420782789467e+01
1.995262314968893236e+01 7.594680448547515539e+01 -2.340849497458255968e+01
1.584893192461123945e+01 7.972778708885448395e+01 -2.258339341960200386e+01
1.258925411794175275e+01 8.334533407122395943e+01 -2.155890072296703153e+01
1.000000000000006217e+01 8.674822180765059443e+01 -2.035277417375094444e+01
7.943282347242861974e+00 8.989185636225576559e+01 -1.899738245814109661e+01
6.309573444801968911e+00 9.274412078459042164e+01 -1.753588442093315436e+01
5.011872336272750417e+00 9.528840783662644753e+01 -1.601648009957550300e+01
3.981071705534993566e+00 9.752359864787416655e+01 -1.448651148087351892e+01
3.162277660168395510e+00 9.946168260531021588e+01 -1.298778916115823279e+01
2.511886431509592565e+00 1.011241343333647649e+02 -1.155378618398682988e+01
1.995262314968889061e+00 1.025380930857219681e+02 -1.020866429695026234e+01
1.584893192461120703e+00 1.037330483877727687e+02 -8.967694058928248779e+00
1.258925411794172611e+00 1.047383525059920544e+02 -7.838511617368745910e+00
1.000000000000003997e+00 1.055815901651408240e+02 -6.822724692192981166e+00
7.943282347242845987e-01 1.062876740373937423e+02 -5.917527047871644186e+00
6.309573444801955810e-01 1.068784774149841326e+02 -5.117127940639194961e+00
5.011872336272740203e-01 1.073728221955881139e+02 -4.413915632756512331e+00
3.981071705534985350e-01 1.077866756219810043e+02 -3.799345685864104372e+00
3.162277660168388849e-01 1.081334506750042692e+02 -3.264582682291957916e+00
2.511886431509587347e-01 1.084243415143751150e+02 -2.800939125127374307e+00
1.995262314968885009e-01 1.086686531748592301e+02 -2.400157054503181175e+00
1.584893192461117317e-01 1.088741039768686392e+02 -2.054573130068171327e+00
1.258925411794170057e-01 1.090470914377934832e+02 -1.757200711150621597e+00
1.000000000000001998e-01 1.091929197853170308e+02 -1.501755058721936598e+00
7.943282347242829056e-02 1.093159911312340284e+02 -1.282641220991878050e+00
6.309573444801942765e-02 1.094199642122617320e+02 -1.094918794267815132e+00
5.011872336272730349e-02 1.095078852085488563e+02 -9.342535708109899195e-01
3.981071705534977578e-02 1.095822950750025200e+02 -7.968629438242410545e-01
3.162277660168382604e-02 1.096453174135570805e+02 -6.794596403326397249e-01
2.511886431509582213e-02 1.096987303800858484e+02 -5.791967062867766636e-01
1.995262314968880915e-02 1.097440255697919014e+02 -4.936155125839977176e-01
1.584893192461114125e-02 1.097824563155497799e+02 -4.205977557140956891e-01
1.258925411794167490e-02 1.098150773881328064e+02 -3.583218920542071140e-01
1.000000000000000021e-02 1.098427777109535839e+02 -3.052240951848577133e-01
