1.000000000000014261e+05 1.166159089580009578e+01 -2.920801099105999388e+00
7.943282347242918331e+04 1.201000881028556222e+01 -3.418153416174615877e+00
6.309573444802020094e+04 1.228520197709801032e+01 -3.951303750734540099e+00
5.011872336272796383e+04 1.280962372883353062e+01 -4.626557955514784659e+00
3.981071705535026558e+04 1.334337185128750214e+01 -5.373039934460961398e+00
3.162277660168418151e+04 1.391376162766973223e+01 -6.195703482746463209e+00
2.511886431509612885e+04 1.460340230275756745e+01 -7.125634230800674374e+00
1.995262314968907231e+04 1.534261583568700438e+01 -8.120742813603936128e+00
1.584893192461133549e+04 1.660532444377211903e+01 -9.428973586834914045e+00
1.258925411794181673e+04 1.770042202745911908e+01 -1.065490257300060684e+01
1.000000000000012187e+04 1.917856214496677580e+01 -1.208553076073484789e+01
7.943282347242919059e+03 2.079182063972952932e+01 -1.353850166448493830e+01
6.309573444802007543e+03 2.290015678831723278e+01 -1.520651236158429498e+01
5.011872336272776010e+03 2.520744601119552186e+01 -1.685040863606228001e+01
3.981071705535018282e+03 2.805999887457181075e+01 -1.865068428531959199e+01
3.162277660168418151e+03 3.075488919363588991e+01 -2.009578456109337097e+01
2.511886431509607974e+03 3.409889853063576481e+01 -2.168440036924589620e+01
1.995262314968899091e+03 3.740996832265628314e+01 -2.295833409264660929e+01
1.584893192461130411e+03 4.131850647336412408e+01 -2.430803140685110009e+01
1.258925411794181628e+03 4.524258215897572200e+01 -2.539278806038566927e+01
1.000000000000010232e+03 4.951273258812457101e+01 -2.643018957831133164e+01
7.943282347242886772e+02 5.384448554061328451e+01 -2.729317014208884729e+01
6.309573444801994810e+02 5.758734083105809987e+01 -2.770483864161284515e+01
5.011872336272776352e+02 6.253496249945334995e+01 -2.855794648362748589e+01
3.981071705535010210e+02 6.664735667083409965e+01 -2.889952520634415833e+01
3.162277660168405191e+02 7.143052201914137811e+01 -2.941214460868516412e+01
2.511886431509602744e+02 7.563838329833026819e+01 -2.956378969378249266e+01
1.995262314968899204e+02 8.044764433018946193e+01 -2.982243607681698805e+01
1.584893192461127001e+02 8.532070452412393990e+01 -2.996330469060707458e+01
1.258925411794176483e+02 8.974017410008481477e+01 -2.981779987636409501e+01
1.000000000000008242e+02 9.379792557899405381e+01 -2.945300822857614165e+01
7.943282347242877961e+01 9.881437557205839539e+01 -2.929481885552691978e+01
6.309573444801981879e+01 1.030230605082745825e+02 -2.881325352680145357e+01
5.011872336272760720e+01 1.086923706609906617e+02 -2.865258122980601385e+01
3.981071705535001826e+01 1.121710715779423850e+02 -2.783475766425596021e+01
3.162277660168401994e+01 1.166276095804823569e+02 -2.718547035153793701e+01
2.511886431509597628e+01 1.197059890179679940e+02 -2.612694205151143478e+01
1.995262314968893236e+01 1.250338367820900203e+02 -2.543924854411845260e+01
1.584893192461123945e+01 1.292398930881642229e+02 -2.437374274366973026e+01
1.258925411794175275e+01 1.318974309602823212e+02 -2.290486604070221333e+01
1.000000000000006217e+01 1.371139757989652139e+02 -2.176560327012015250e+01
7.943282347242861974e+00 1.398953185322890818e+02 -2.014636938038474767e+01
6.309573444801968911e+00 1.429480504373882184e+02 -1.853568513485932812e+01
5.011872336272750417e+00 1.443289482782387552e+02 -1.673010876820036685e+01
3.981071705534993566e+00 1.472086842967143525e+02 -1.515311350651735367e+01
3.162277660168395510e+00 1.491030404322878553e+02 -1.354767494412690709e+01
2.511886431509592565e+00 1.511514330086380653e+02 -1.205824603680842522e+01
1.995262314968889061e+00 1.532661366997907635e+02 -1.068536393359105396e+01
1.584893192461120703e+00 1.531111797910325834e+02 -9.291275256918080316e+00
1.258925411794172611e+00 1.545154009561722432e+02 -8.133374364287739411e+00
1.000000000000003997e+00 1.563330145700946616e+02 -7.117183095660473136e+00
7.943282347242845987e-01 1.558879659361225265e+02 -6.122802273634309955e+00
6.309573444801955810e-01 1.573449203714591249e+02 -5.320581317309182268e+00
5.011872336272740203e-01 1.572785092151847550e+02 -4.570620041407837952e+00
3.981071705534985350e-01 1.583170568468763122e+02 -3.948062033506040791e+00
3.162277660168388849e-01 1.601161768599111781e+02 -3.422117099886085700e+00
2.511886431509587347e-01 1.575580297898432036e+02 -2.882983430456568463e+00
1.995262314968885009e-01 1.583071370556369288e+02 -2.477734102080579870e+00
1.584893192461117317e-01 1.579660490891963605e+02 -2.113206011094806325e+00
1.258925411794170057e-01 1.595757684882135834e+02 -1.823438763472225999e+00
1.000000000000001998e-01 1.588213458576134371e+02 -1.549331913920392489e+00
7.943282347242829056e-02 1.591544741829135035e+02 -1.324851341516898762e+00
6.309573444801942765e-02 1.596352759062222049e+02 -1.133500413713013133e+00
5.011872336272730349e-02 1.588699557675894880e+02 -9.619148497539731224e-01
3.981071705534977578e-02 1.592002499973580143e+02 -8.217124491490732652e-01
3.162277660168382604e-02 1.605980501030985863e+02 -7.064724488444868999e-01
2.511886431509582213e-02 1.600204144105825890e+02 -5.998218547767792952e-01
1.995262314968880915e-02 1.597321627948896037e+02 -5.101024723398847049e-01
1.584893192461114125e-02 1.605806760864750515e+02 -4.368314084878823778e-01
1.258925411794167490e-02 1.599883737243709732e+02 -3.706903719469999414e-01
1.000000000000000021e-02 1.609071164366580717e+02 -3.175084077485270107e-01
